0 0.6924880 0.0639410 0.9829820 0.0654730 0.9827350 0.0885480 0.6922410 0.087016
#
21 янв 1839
0 0.6899190 0.0993530 0.9899670 0.0993530 0.9899670 0.1203530 0.6899190 0.120353
#
21 янв 1839
0 0.6991800 0.1357590 0.9848930 0.1330230 0.9853080 0.1543700 0.6995950 0.157106
#
21 янв 1839
0 0.6934450 0.1668870 0.9877580 0.1686170 0.9875040 0.1899750 0.6931900 0.188245
#
21 янв 1839
0 0.6921260 0.2031590 0.9850060 0.2014280 0.9852630 0.2227850 0.6923820 0.224516
#
21 янв 1839
0 0.6900640 0.2339530 0.9882000 0.2353520 0.9879960 0.2567140 0.6898600 0.255315
#
21 янв 1839
0 0.6924870 0.2661490 0.9901450 0.2678800 0.9898930 0.2892370 0.6922350 0.287507
#
21 янв 1839
0 0.6912420 0.3024200 0.9898560 0.3013490 0.9900110 0.3227180 0.6913970 0.323789
#
21 янв 1839
0 0.6921950 0.3362920 0.9865090 0.3352180 0.9866680 0.3565860 0.6923540 0.357660
#
21 янв 1839
0 0.6949470 0.3701120 0.9906940 0.3725110 0.9903420 0.3938600 0.6945950 0.391461
#
21 янв 1839
0 0.6922300 0.4037040 0.9913210 0.4029440 0.9914320 0.4243180 0.6923400 0.425078
#
21 янв 1839
0 0.7003100 0.4362240 0.9755130 0.4351510 0.9756820 0.4565200 0.7004790 0.457593
#
21 янв 1839
0 0.6897360 0.4697600 0.9807050 0.4680260 0.9809630 0.4893830 0.6899940 0.491116
#
21 янв 1839
0 0.6944790 0.5046370 0.9864040 0.5025710 0.9867100 0.5239220 0.6947860 0.525988
#
21 янв 1839
0 0.6940800 0.5350030 0.9840910 0.5381700 0.9836140 0.5596790 0.6936030 0.556512
#
21 янв 1839
0 0.6942580 0.5730610 0.9804480 0.5689710 0.9810670 0.5903090 0.6948770 0.594398
#
21 янв 1839
0 0.6909340 0.6042620 0.9866880 0.6047990 0.9866000 0.6287440 0.6908460 0.628207
#
21 янв 1839
0 0.7034890 0.6373770 0.9810810 0.6391090 0.9808100 0.6604640 0.7032190 0.658732
#
21 янв 1839
0 0.6945870 0.6729770 0.9960680 0.6719060 0.9962220 0.6932750 0.6947410 0.694346
#
21 янв 1839
0 0.6910740 0.7085320 0.9935090 0.7057910 0.9939020 0.7271370 0.6914660 0.729878
#
21 янв 1839
0 0.6935500 0.7403310 0.9883410 0.7430730 0.9879380 0.7644190 0.6931470 0.761677
#
21 янв 1839
0 0.6959170 0.7762660 0.9945310 0.7741990 0.9948310 0.7955530 0.6962170 0.797619
#
21 янв 1839
0 0.7035620 0.8067300 0.9830640 0.8091340 0.9826920 0.8304820 0.7031890 0.828077
#
21 янв 1839
0 0.7008750 0.8426690 0.9693860 0.8423970 0.9694340 0.8658260 0.7009230 0.866097
#
21 янв 1839
0 0.6991720 0.8768780 0.9437960 0.8744710 0.9442220 0.8958180 0.6995980 0.898225
#
21 янв 1839
0 0.0241730 0.9136160 0.9644580 0.9082190 0.9647400 0.9324510 0.0244550 0.937848
#
21 янв 1839
