0 0.0980600 0.0285560 0.1878390 0.0257610 0.1887200 0.0470820 0.0989420 0.049877
Май.
14 май 1839
0 0.1917260 0.0633510 0.9695890 0.0690830 0.9693670 0.0918300 0.1915030 0.086098
#
14 май 1839
0 0.2057700 0.0999230 0.2297640 0.1002480 0.2293800 0.1215760 0.2053860 0.121251
#
14 май 1839
0 0.2054950 0.1310710 0.2294890 0.1310710 0.2294890 0.1520710 0.2054950 0.152071
#
14 май 1839
0 0.2058450 0.1668830 0.2298370 0.1673010 0.2293440 0.1886260 0.2053520 0.188208
#
14 май 1839
0 0.2055720 0.2002440 0.2295680 0.2003360 0.2294590 0.2219170 0.2054620 0.221825
#
14 май 1839
0 0.2054950 0.2348320 0.2294890 0.2348320 0.2294890 0.2558320 0.2054950 0.255832
#
14 май 1839
0 0.2056370 0.2670550 0.2296330 0.2672260 0.2294310 0.2885580 0.2054360 0.288388
#
14 май 1839
0 0.2055930 0.3009780 0.2295890 0.3010960 0.2294490 0.3224300 0.2054540 0.322312
#
14 май 1839
0 0.2054950 0.3362420 0.2294890 0.3362420 0.2294890 0.3572420 0.2054950 0.357242
#
14 май 1839
0 0.2056780 0.3697980 0.2296730 0.3700180 0.2294140 0.3913490 0.2054190 0.391129
#
14 май 1839
0 0.2054950 0.4034020 0.2294890 0.4034020 0.2294890 0.4244020 0.2054950 0.424402
#
14 май 1839
0 0.2057530 0.4353930 0.2297480 0.4356990 0.2293870 0.4570270 0.2053920 0.456722
#
14 май 1839
0 0.2058910 0.4696060 0.2298820 0.4700740 0.2293290 0.4913970 0.2053390 0.490929
#
14 май 1839
0 0.2057160 0.5041030 0.2297110 0.5043680 0.2293980 0.5256980 0.2054030 0.525433
#
14 май 1839
0 0.2059080 0.5361680 0.2298970 0.5366570 0.2293190 0.5579790 0.2053300 0.557490
#
14 май 1839
0 0.2058770 0.5700050 0.2298680 0.5704560 0.2293360 0.5917790 0.2053450 0.591328
#
14 май 1839
0 0.1284330 0.6039660 0.1702290 0.6046620 0.1697560 0.6260260 0.1279600 0.625329
14.
14 май 1839
0 0.2057960 0.6041290 0.2297890 0.6044880 0.2293640 0.6258150 0.2053710 0.625455
#
14 май 1839
0 0.2058680 0.6381710 0.2298600 0.6386110 0.2293390 0.6599350 0.2053480 0.659495
#
14 май 1839
0 0.2054950 0.6710310 0.2294890 0.6710310 0.2294890 0.6920310 0.2054950 0.692031
#
14 май 1839
0 0.2052240 0.7045390 0.2292180 0.7042140 0.2296020 0.7255420 0.2056080 0.725866
#
14 май 1839
0 0.2057530 0.7376090 0.2297480 0.7379150 0.2293870 0.7592440 0.2053920 0.758938
#
14 май 1839
0 0.2058260 0.7714890 0.2298190 0.7718800 0.2293570 0.7932050 0.2053650 0.792814
#
14 май 1839
0 0.2059090 0.8060920 0.2298990 0.8065820 0.2293210 0.8279040 0.2053310 0.827414
#
14 май 1839
0 0.2050870 0.8395450 0.2290770 0.8390560 0.2296550 0.8603770 0.2056650 0.860867
#
14 май 1839
0 0.2059020 0.8739120 0.2298920 0.8743930 0.2293240 0.8957150 0.2053340 0.895235
#
14 май 1839
0 0.1935720 0.9104110 0.9807340 0.9133010 0.9806110 0.9385640 0.1934490 0.935674
#
14 май 1839
