0 0.1256670 0.0677400 0.9653820 0.0557790 0.9659260 0.0807520 0.1262110 0.092713
мы приѣхали къ 8 часовъ. - дорога очень прiят-
14 май 1839
0 0.8224480 0.0941660 0.9676890 0.0930790 0.9679330 0.1144460 0.8226920 0.115533
#
14 май 1839
0 0.0242450 0.1169090 0.5801850 0.1178270 0.5801180 0.1443360 0.0241780 0.143418
#
14 май 1839
0 0.8287570 0.1261530 0.9681550 0.1279090 0.9677430 0.1492610 0.8283460 0.147505
#
14 май 1839
0 0.0215740 0.1551840 0.4602210 0.1606310 0.4598150 0.1819710 0.0211690 0.176524
#
14 май 1839
0 0.8228480 0.1605630 0.9685060 0.1619800 0.9681880 0.1833400 0.8225290 0.181922
#
14 май 1839
0 0.1792470 0.1829070 0.5352560 0.1923700 0.5342770 0.2164290 0.1782680 0.206967
#
14 май 1839
0 0.8245840 0.1956540 0.9639810 0.1974100 0.9635700 0.2187620 0.8241720 0.217006
#
14 май 1839
0 0.1725790 0.2143050 0.5034910 0.2225240 0.5025950 0.2461030 0.1716830 0.237884
#
14 май 1839
0 0.8289280 0.2273660 0.9687420 0.2301520 0.9680910 0.2514910 0.8282770 0.248705
#
14 май 1839
0 0.1721320 0.2503350 0.5548470 0.2532190 0.5545670 0.2775040 0.1718520 0.274620
#
14 май 1839
0 0.8279200 0.2600940 0.9685690 0.2618470 0.9681620 0.2832010 0.8275120 0.281448
#
14 май 1839
0 0.1858870 0.2864730 0.5565040 0.2823750 0.5568650 0.3037190 0.1862480 0.307817
#
14 май 1839
0 0.8336930 0.2962620 0.9626570 0.2951680 0.9629340 0.3165340 0.8339710 0.317627
#
14 май 1839
0 0.0322250 0.3146400 0.5030050 0.3161970 0.5028870 0.3395410 0.0321070 0.337984
#
14 май 1839
0 0.8234560 0.3298040 0.9699500 0.3298040 0.9699500 0.3508040 0.8234560 0.350804
#
14 май 1839
0 0.0369930 0.3501230 0.4927650 0.3475500 0.4929700 0.3712070 0.0371970 0.373779
#
14 май 1839
0 0.8242900 0.3652290 0.9691150 0.3652290 0.9691150 0.3862290 0.8242900 0.386229
#
14 май 1839
0 0.1837140 0.3795990 0.4846310 0.3751510 0.4851140 0.3964900 0.1841970 0.400938
#
14 май 1839
0 0.8224500 0.3991590 0.9697780 0.3980710 0.9700190 0.4194390 0.8226910 0.420527
#
14 май 1839
0 0.1890850 0.4092920 0.4682990 0.4045010 0.4688590 0.4258390 0.1896450 0.430630
#
14 май 1839
0 0.1908370 0.4386370 0.5172130 0.4341950 0.5176570 0.4555360 0.1912810 0.459977
#
14 май 1839
0 0.8174220 0.4628570 0.9630800 0.4642740 0.9627620 0.4856340 0.8171040 0.484216
#
14 май 1839
0 0.1974120 0.4644200 0.4908180 0.4644200 0.4908180 0.4854200 0.1974120 0.485420
#
14 май 1839
0 0.1961410 0.4991740 0.4703050 0.4939630 0.4710300 0.5188870 0.1968660 0.524099
#
14 май 1839
0 0.8199370 0.4990240 0.9601700 0.4979370 0.9604240 0.5193040 0.8201910 0.520392
#
14 май 1839
0 0.1974670 0.5281830 0.4483020 0.5287820 0.4482180 0.5518540 0.1973830 0.551255
#
14 май 1839
0 0.8209520 0.5305470 0.9678630 0.5305470 0.9678630 0.5515470 0.8209520 0.551547
#
14 май 1839
0 0.0397020 0.5575130 0.4637430 0.5584770 0.4636600 0.5824810 0.0396180 0.581517
#
14 май 1839
0 0.8216420 0.5647470 0.9714740 0.5665070 0.9710900 0.5878600 0.8212590 0.586100
#
14 май 1839
0 0.0391690 0.5902630 0.4961800 0.5890110 0.4962850 0.6139970 0.0392740 0.615250
#
14 май 1839
0 0.8288610 0.5978150 0.9715970 0.6002500 0.9710400 0.6215950 0.8283040 0.619160
#
14 май 1839
0 0.8228880 0.6345870 0.9756420 0.6363400 0.9752670 0.6576960 0.8225130 0.655943
#
14 май 1839
0 0.0637870 0.6363310 0.4210480 0.6352540 0.4211470 0.6566260 0.0638850 0.657703
#
14 май 1839
0 0.8231860 0.6690690 0.9742700 0.6673110 0.9746500 0.6886660 0.8235660 0.690424
#
14 май 1839
0 0.8290570 0.6990160 0.9734640 0.7001050 0.9732170 0.7214720 0.8288110 0.720383
#
14 май 1839
0 0.8219250 0.7375590 0.9680000 0.7358000 0.9683940 0.7571530 0.8223180 0.758912
#
14 май 1839
0 0.8307760 0.7678470 0.9781040 0.7692700 0.9777880 0.7906300 0.8304600 0.789207
#
14 май 1839
0 0.8287430 0.8029390 0.9756530 0.8046970 0.9752620 0.8260520 0.8283520 0.824293
#
14 май 1839
0 0.8264130 0.8408030 0.9741570 0.8383670 0.9746960 0.8597130 0.8269510 0.862149
#
14 май 1839
0 0.8245410 0.8752030 0.9752080 0.8741180 0.9754430 0.8954870 0.8247760 0.896572
#
14 май 1839
0 0.1307920 0.9134000 0.9742800 0.9051950 0.9746370 0.9291850 0.1311490 0.937391
#
14 май 1839
