0 0.6083220 0.0624960 0.9688710 0.0597530 0.9691350 0.0811040 0.6085850 0.083847
#
14 янв 1839
0 0.0466900 0.0996670 0.3775850 0.0918170 0.3784050 0.1131470 0.0475100 0.120996
#
14 янв 1839
0 0.6142720 0.1307010 0.9786890 0.1269380 0.9790460 0.1482800 0.6146290 0.152044
#
14 янв 1839
0 0.6262740 0.1648040 0.9812360 0.1606980 0.9816360 0.1820380 0.6266740 0.186144
#
14 янв 1839
0 0.1087940 0.1837120 0.5733390 0.1769020 0.5738460 0.1982410 0.1093010 0.205051
#
14 янв 1839
0 0.6143130 0.1966570 0.9787130 0.1936760 0.9790220 0.2170060 0.6146220 0.219987
#
14 янв 1839
0 0.0423800 0.2239710 0.6134430 0.2112160 0.6143120 0.2352350 0.0432490 0.247989
#
14 янв 1839
0 0.6158760 0.2313180 0.9798620 0.2258540 0.9803810 0.2471920 0.6163950 0.252656
#
14 янв 1839
0 0.0478660 0.2632170 0.5755310 0.2577110 0.5759500 0.2825020 0.0482850 0.288008
#
14 янв 1839
0 0.6107270 0.2657520 0.9828790 0.2602910 0.9833860 0.2816310 0.6112350 0.287092
#
14 янв 1839
0 0.6150430 0.2989420 0.9743160 0.2944980 0.9747800 0.3176430 0.6155070 0.322087
#
14 янв 1839
0 0.0486600 0.3085440 0.6137690 0.3009700 0.6142340 0.3223960 0.0491250 0.329970
#
14 янв 1839
0 0.0491350 0.3508230 0.5768520 0.3446980 0.5772540 0.3660390 0.0495360 0.372164
#
14 янв 1839
0 0.6159500 0.3664170 0.9812010 0.3622960 0.9816310 0.3858100 0.6163800 0.389932
#
14 янв 1839
0 0.0488340 0.3924820 0.6053100 0.3819200 0.6061150 0.4080910 0.0496380 0.418653
#
14 янв 1839
0 0.6176270 0.4000490 0.9867720 0.4014550 0.9866400 0.4228210 0.6174950 0.421416
#
14 янв 1839
0 0.6199360 0.4323340 0.9851980 0.4296860 0.9854630 0.4523070 0.6202010 0.454954
#
14 янв 1839
0 0.0443020 0.4330890 0.6136450 0.4255790 0.6142240 0.4526570 0.0448800 0.460167
#
14 янв 1839
0 0.6193060 0.4692420 0.9811810 0.4644700 0.9816860 0.4881120 0.6198110 0.492883
#
14 янв 1839
0 0.0328020 0.4752660 0.6138070 0.4695250 0.6141930 0.4936040 0.0331870 0.499345
#
14 янв 1839
0 0.6173480 0.5024040 0.9809050 0.4996560 0.9811670 0.5210070 0.6176090 0.523755
#
14 янв 1839
0 0.2614660 0.5179420 0.4716070 0.5158520 0.4719510 0.5372050 0.2618100 0.539294
#
14 янв 1839
0 0.0387070 0.5213690 0.1418370 0.5178720 0.1430080 0.5391890 0.0398780 0.542687
#
14 янв 1839
0 0.6169430 0.5366340 0.9848180 0.5287700 0.9856210 0.5519420 0.6177450 0.559806
#
14 янв 1839
0 0.6142550 0.5709430 0.9872670 0.5668420 0.9876470 0.5881870 0.6146360 0.592288
#
14 янв 1839
0 0.0215480 0.5756510 0.5823850 0.5686480 0.5828770 0.5929270 0.0220400 0.599930
#
14 янв 1839
0 0.6208990 0.6040220 0.9866050 0.6029450 0.9867070 0.6243170 0.6210010 0.625395
#
14 янв 1839
0 0.0957960 0.6332330 0.6020500 0.6257310 0.6026610 0.6511850 0.0964070 0.658688
#
14 янв 1839
0 0.6181880 0.6381250 0.9877620 0.6350390 0.9880510 0.6563870 0.6184770 0.659473
#
14 янв 1839
0 0.0565660 0.6669400 0.6195350 0.6635550 0.6197650 0.6870850 0.0567950 0.690470
#
14 янв 1839
0 0.6228990 0.6720310 0.9920400 0.6690140 0.9923440 0.6920230 0.6232040 0.695039
#
14 янв 1839
0 0.6192710 0.7070150 0.9854050 0.7008700 0.9859850 0.7222060 0.6198510 0.728351
#
14 янв 1839
0 0.0795790 0.7063350 0.2721000 0.7035660 0.2725970 0.7249100 0.0800760 0.727678
#
14 янв 1839
0 0.6307320 0.7390660 0.9779600 0.7373280 0.9781330 0.7586890 0.6309050 0.760427
#
14 янв 1839
0 0.6200950 0.7743320 0.9819110 0.7683640 0.9825410 0.7919540 0.6207260 0.797922
#
14 янв 1839
0 0.1093210 0.8154120 0.9850960 0.8069880 0.9854820 0.8317930 0.1097080 0.840217
#
14 янв 1839
0 0.1177990 0.8487700 0.9884950 0.8383680 0.9889910 0.8639960 0.1182950 0.874398
#
14 янв 1839
0 0.1221500 0.8836100 0.9755860 0.8729910 0.9760560 0.8962760 0.1226200 0.906895
#
14 янв 1839
0 0.1226100 0.9159340 0.9863690 0.9072970 0.9867750 0.9324010 0.1230160 0.941037
#
14 янв 1839
