0 0.0458220 0.0376640 0.1318090 0.0334690 0.1333990 0.0547630 0.0474120 0.058957
Янв.
21 янв 1839
0 0.1513500 0.0651150 0.2905260 0.0633650 0.2909370 0.0847180 0.1517610 0.086468
#
21 янв 1839
0 0.1505130 0.0997060 0.2871960 0.0979500 0.2876150 0.1193010 0.1509320 0.121056
#
21 янв 1839
0 0.1464780 0.1336130 0.2881480 0.1325300 0.2883980 0.1538950 0.1467280 0.154978
#
21 янв 1839
0 0.1497980 0.1675300 0.2885590 0.1664440 0.2888150 0.1878090 0.1500540 0.188895
#
21 янв 1839
0 0.1458250 0.2019240 0.2866640 0.2019240 0.2866640 0.2229240 0.1458250 0.222924
#
21 янв 1839
0 0.1477760 0.2330160 0.2894460 0.2322480 0.2896230 0.2536190 0.1479540 0.254387
#
21 янв 1839
0 0.1435770 0.2686020 0.2906470 0.2675200 0.2908880 0.2888860 0.1438170 0.289968
#
21 янв 1839
0 0.1409820 0.3035270 0.2892980 0.3017830 0.2896830 0.3231360 0.1413660 0.324879
#
21 янв 1839
0 0.1496890 0.3381160 0.2892810 0.3363680 0.2896900 0.3577210 0.1500980 0.359468
#
21 янв 1839
0 0.1472030 0.3713600 0.2901180 0.3696130 0.2905180 0.3909640 0.1476030 0.392711
#
21 янв 1839
0 0.1514700 0.4069880 0.2877360 0.4035340 0.2885630 0.4248600 0.1522980 0.428313
#
21 янв 1839
0 0.1472540 0.4381810 0.2885080 0.4367670 0.2888350 0.4581250 0.1475820 0.459539
#
21 янв 1839
0 0.1473330 0.4731330 0.2877540 0.4696810 0.2885560 0.4910080 0.1481360 0.494459
#
21 янв 1839
0 0.1531250 0.5080550 0.2877290 0.5046020 0.2885660 0.5259320 0.1539620 0.529384
#
21 янв 1839
0 0.1476160 0.5379170 0.2892850 0.5361670 0.2896880 0.5575170 0.1480190 0.559266
#
21 янв 1839
0 0.1479020 0.5716350 0.2924800 0.5716350 0.2924800 0.5926350 0.1479020 0.592635
#
21 янв 1839
0 0.1480520 0.6046690 0.2901340 0.6081200 0.2893410 0.6294510 0.1472590 0.626000
#
21 янв 1839
0 0.1501560 0.6385760 0.2930710 0.6396590 0.2928240 0.6610240 0.1499080 0.659941
#
21 янв 1839
0 0.1473110 0.6752530 0.2906420 0.6741670 0.2908900 0.6955320 0.1475590 0.696618
#
21 янв 1839
0 0.1433320 0.7036030 0.2928960 0.7036030 0.2928960 0.7246030 0.1433320 0.724603
#
21 янв 1839
0 0.1428490 0.7404010 0.2899480 0.7376980 0.2906010 0.7609120 0.1435020 0.763615
#
21 янв 1839
0 0.1504750 0.7756640 0.2946360 0.7735760 0.2951090 0.7949210 0.1509480 0.797009
#
21 янв 1839
0 0.2056500 0.8063570 0.2866640 0.8063570 0.2866640 0.8273570 0.2056500 0.827357
#
21 янв 1839
0 0.1433730 0.8441710 0.2933500 0.8417430 0.2938790 0.8630840 0.1439010 0.865511
#
21 янв 1839
0 0.1458250 0.8765380 0.2962190 0.8765380 0.2962190 0.8975380 0.1458250 0.897538
#
21 янв 1839
0 0.1455130 0.9073390 0.9793310 0.9107120 0.9791900 0.9335570 0.1453720 0.930185
#
21 янв 1839
