0 0.8193210 0.0062010 0.9035090 0.0086710 0.9022730 0.0299880 0.8180850 0.027517
Copie
13 мар 1839
0 0.0818890 0.0939190 0.9253140 0.0839520 0.9258810 0.1082420 0.0824560 0.118209
#
13 мар 1839
0 0.0461430 0.1244660 0.9370560 0.1132990 0.9376320 0.1365410 0.0467180 0.147707
#
13 мар 1839
0 0.0400860 0.1545370 0.9483630 0.1434420 0.9488780 0.1647770 0.0406010 0.175872
#
13 мар 1839
0 0.0412650 0.1831320 0.9565310 0.1646730 0.9574870 0.1886780 0.0422220 0.207137
#
13 мар 1839
0 0.0232760 0.2126210 0.9733400 0.1911450 0.9743980 0.2148320 0.0243340 0.236308
#
13 мар 1839
0 0.0307990 0.2442580 0.9705880 0.2217440 0.9715970 0.2430660 0.0318080 0.265580
#
13 мар 1839
0 0.0317710 0.2720090 0.9781500 0.2536140 0.9790700 0.2775740 0.0326910 0.295970
#
13 мар 1839
0 0.0308970 0.3220210 0.9518140 0.3028050 0.9527800 0.3262460 0.0318630 0.345462
#
13 мар 1839
0 0.0399020 0.3506700 0.9354780 0.3341980 0.9362530 0.3555270 0.0406770 0.371999
#
13 мар 1839
0 0.0427560 0.3797830 0.9731390 0.3636530 0.9738690 0.3849810 0.0434860 0.401112
#
13 мар 1839
0 0.0380250 0.4095750 0.9768740 0.3924310 0.9776430 0.4137580 0.0387940 0.430902
#
13 мар 1839
0 0.0380280 0.4386880 0.9651190 0.4218840 0.9658830 0.4432120 0.0387920 0.460016
#
13 мар 1839
0 0.0411610 0.4691560 0.9706020 0.4473120 0.9715920 0.4686360 0.0421510 0.490480
#
13 мар 1839
0 0.0434570 0.4961790 0.9447840 0.4764860 0.9458060 0.5001690 0.0444800 0.519862
#
13 мар 1839
0 0.0458800 0.5304000 0.9663830 0.5092260 0.9673520 0.5305510 0.0468480 0.551725
#
13 мар 1839
0 0.0482350 0.5609480 0.8892210 0.5451030 0.8901570 0.5702550 0.0491710 0.586100
#
13 мар 1839
0 0.0708660 0.6085370 0.9870940 0.5905990 0.9880020 0.6140970 0.0717740 0.632035
#
13 мар 1839
0 0.0473470 0.6398330 0.9711440 0.6203410 0.9720330 0.6416670 0.0482360 0.661159
#
13 мар 1839
0 0.0707220 0.6694140 0.9789500 0.6456820 0.9802300 0.6704800 0.0720020 0.694212
#
13 мар 1839
0 0.0765010 0.6981210 0.9861840 0.6785730 0.9871760 0.7019230 0.0774920 0.721471
#
13 мар 1839
0 0.0659780 0.7255670 0.9549760 0.7049170 0.9560820 0.7290260 0.0670840 0.749676
#
13 мар 1839
0 0.0648520 0.7541160 0.9496500 0.7395660 0.9504350 0.7637270 0.0656360 0.778277
#
13 мар 1839
0 0.0838350 0.7825260 0.8881360 0.7727330 0.8887130 0.7967180 0.0844120 0.806511
#
13 мар 1839
0 0.1368910 0.8262280 0.9450190 0.8148910 0.9456870 0.8389880 0.1375580 0.850325
#
13 мар 1839
0 0.0911180 0.8628440 0.9387640 0.8469970 0.9396440 0.8708210 0.0919980 0.886668
#
13 мар 1839
